 114   112   112   112   106   104   110   101   110  
 215   201  
 303   308   302   305   314   310   315   308   308   311   301  
 410   413   405   407   410   407   405  
 514   504   504   508   513  
 609   603  
 713   709   710   705   704   711  
 802   804   804   812   807   804   803   805   809   810   805   810   810   811  
 903   911   909   913   907   907  
1014  1006  1001  1001  1008  1006  1014  1009  
1110  1111  1112  1109  
1214  1206  1212  1203  1205  1201  1202  1211  1214  1213  1211  1205  1202  
1308  1310  1305  1311  1308  1308  1309  1305  1311  1312  1310  1313  1312  
1407  1401  1407  1415  1407  1414  1401  1409  1412  1412  1407  1411  1412  1410  1404  
1502  1505  
1612  1612  1605  1612  1614  1602  1604  
1705  1708  1711  1702  1705  
1811  1808  1806  1815  1802  1814  1803  1813  1812  1814  1801  1813  
1914  1914  1910  1902  1907  1912  1904  1913  1904  1906  1906  1912  1909  1903  
2009  2011  2008  2001  2002  2005  2014  2011  
2103  2111  2108  2113  2111  
2210  2203  2203  2206  
2315  
2406  2413  2403  2413  2404  2413  2405  2409  2405  
2515  
2603  2614  2608  2601  
2715  2706  2707  2715  2710  2708  2703  2711  2702  2714  2713  2701  2703  2702  2705  
2814  2812  2812  2804  2807  2807  2808  
2913  2906  2914  2912  
3006  3002  3015  3012  3002  3010  3009  
3109  3111  3105  3113  3110  3112  3112  3101  3108  3105  3112  3106  3106  3106  
3204  3208  3201  3208  3204  3210  3213  
3314  3313  3302  3305  3314  3305  3301  3310  3303  3303  3304  3314  3310  
3414  3415  3401  3404  3405  3404  3407  3406  
3504  
3613  3607  3607  3613  
3709  
3804  3801  3804  3812  
3910  3914  3909  3910  3904  3910  3902  3902  
4007  4008  4013  4007  4005  4014  4013  4001  4004  4009  4007  
4103  4108  4102  4109  4101  4107  4106  4105  4113  4102  4112  4104  
4205  4201  4210  4204  4211  
4315  4306  4305  4306  4308  4308  
4407  4414  4415  4402  4403  4411  4415  4407  4403  
4504  
4601  4603  4607  4614  4603  
4712  4714  4715  4701  4713  4706  4704  4711  4702  4714  4711  4704  4707  4706  
4810  4801  
4914  4914  4903  4905  4906  4905  4909  4902  4915  4905  4915  4911  4903  4908  
5011  5014  5007  5004  
5106  5115  5113  5107  5113  
5204  5210  5212  
5303  5310  
5409  5412  5401  5410  5414  5403  5406  5406  
5501  5515  5515  
5609  5611  5608  5605  5612  5610  5613  5609  
5714  5712  5715  5709  5715  5712  5704  5715  5701  5702  5704  5701  5714  5711  5713  
5802  5810  5801  5802  5805  
5903  5907  5911  5912  5912  5905  5901  5913  5904  5907  
6012  6006  6007  
6110  
6211  6204  6207  6209  6203  6214  6208  
6310  
6405  6403  6401  6401  6401  6401  6403  6410  6414  6402  6414  6412  
6513  6502  6508  6505  6507  6504  
6605  6603  6613  6614  6615  6606  6612  6608  
6704  6705  6706  6708  6714  6702  6712  6703  6714  6702  
